20 10
6 3 9 9 10 11 4 7 6 12 4 11 8 3 9 6 6 11 6 12 
0 8 11 8 12 7 3 11 3 11 5 5 9 10 8 3 3 8 6 12 10 
8 0 5 5 11 12 11 7 4 6 8 4 4 8 4 12 11 5 11 11 3 
11 5 0 7 9 12 9 7 3 8 12 11 5 3 11 10 4 6 6 4 12 
8 5 7 0 7 6 5 11 5 11 4 12 12 11 10 10 10 10 10 9 12 
12 11 9 7 0 6 11 5 12 6 3 6 5 4 8 3 9 4 6 6 3 
7 12 12 6 6 0 7 3 12 7 10 9 9 9 11 5 6 3 12 3 4 
3 11 9 5 11 7 0 9 7 4 7 10 9 9 4 4 7 7 8 4 8 
11 7 7 11 5 3 9 0 9 7 5 7 3 7 9 11 6 7 5 3 4 
3 4 3 5 12 12 7 9 0 6 3 11 12 3 10 5 12 11 7 7 11 
11 6 8 11 6 7 4 7 6 0 10 10 4 10 7 6 12 11 6 11 7 
5 8 12 4 3 10 7 5 3 10 0 8 9 12 3 10 8 6 3 12 8 
5 4 11 12 6 9 10 7 11 10 8 0 6 6 7 7 4 8 5 4 11 
9 4 5 12 5 9 9 3 12 4 9 6 0 3 11 10 9 7 9 3 4 
10 8 3 11 4 9 9 7 3 10 12 6 3 0 6 5 9 12 9 8 5 
8 4 11 10 8 11 4 9 10 7 3 7 11 6 0 3 4 7 8 8 12 
3 12 10 10 3 5 4 11 5 6 10 7 10 5 3 0 5 11 11 6 11 
3 11 4 10 9 6 7 6 12 12 8 4 9 9 4 5 0 3 7 6 12 
8 5 6 10 4 3 7 7 11 11 6 8 7 12 7 11 3 0 11 10 6 
6 11 6 10 6 12 8 5 7 6 3 5 9 9 8 11 7 11 0 7 9 
12 11 4 9 6 3 4 3 7 11 12 4 3 8 8 6 6 10 7 0 6 
10 3 12 12 3 4 8 4 11 7 8 11 4 5 12 11 12 6 9 6 0 
